0.02	0.025210084033613446	0.025210084033613446
0.04	0.05040209773935799	0.05043823842252914
0.06	0.11331671221968574	0.11357404412347143
0.08	0.2011516180692028	0.20220972655245545
0.1	0.31353232122585756	0.31671977958865005
0.12000000000000001	0.4498511417563507	0.4577118835889169
0.14	0.6092168363503146	0.6260772804277219
0.16	0.7781066329729485	0.8101286563880009
0.18	0.9432042563576137	0.9979721955560245
0.19999999999999998	1.1037551400850285	1.190362450815032
0.21999999999999997	1.2590465358711769	1.3880121431109522
0.23999999999999996	1.4084062846358691	1.5915933832272071
0.25999999999999995	1.5511984996268493	1.801741985536376
0.27999999999999997	1.6868165703111078	2.019064435579753
0.3	1.8146742383064154	2.2441468249347705
0.32	1.9341957493344308	2.477564668660074
0.34	2.0448065085490392	2.7198922212458787
0.36000000000000004	2.135481834887659	2.9569438266159853
0.38000000000000006	2.196525152306421	3.1732058797316616
0.4000000000000001	2.2296421500610557	3.366972666615414
0.4200000000000001	2.236741648585466	3.5363354871557138
0.4400000000000001	2.219909336433367	3.679208966759384
0.46000000000000013	2.1813812930161496	3.793357507535232
0.48000000000000015	2.123509415811558	3.8764298775772277
0.5000000000000001	2.0572184620437954	3.942711310466762
0.5200000000000001	1.9920886307052985	4.0078310978783716
0.5400000000000001	1.928433689212887	4.0714755863534196
0.5600000000000002	1.8666459390836154	4.133252568651261
0.5800000000000002	1.8071921708498406	4.1926954045472815
0.6000000000000002	1.7506060745695022	4.249270586201837
0.6200000000000002	1.6974765148848525	4.3023894326637615
0.6400000000000002	1.6484313164392197	4.351424341443492
0.6600000000000003	1.6041165271798417	4.3957295079225345
0.6800000000000003	1.5651716718051694	4.434665652294511
0.7000000000000003	1.5322020532563163	4.467627705348476
0.7200000000000003	1.505749715815267	4.494073851195869
0.7400000000000003	1.4862651190437526	4.513553814824079
0.7600000000000003	1.47408186188543	4.525734145084965
0.7800000000000004	1.4693967195244872	4.5304181555375775
0.8000000000000004	1.4722569309713829	4.527558635651837
0.8200000000000004	1.482556002762611	4.517262043738898
0.8400000000000004	1.5000384401914992	4.49978377557567
0.8600000000000004	1.5243128881467924	4.475515037017536
0.8800000000000004	1.5548723102560127	4.444962669966893
0.9000000000000005	1.5911192189113763	4.408723937652009
0.9200000000000005	1.6323936389312077	4.36745857763706
0.9400000000000005	1.678001481457322	4.321860423637818
0.9600000000000005	1.7272413091290246	4.272630695534212
0.9800000000000005	1.7794278755682174	4.220454413457982
1.0000000000000004	1.8339114762818058	4.165981085334012
1.0200000000000005	1.8900926207627253	4.109810044902634
1.0400000000000005	1.9474320412114359	4.052480423690093
1.0600000000000005	2.0054564320567345	3.994465416215434
1.0800000000000005	2.063760528053918	3.9361702188678516
1.1000000000000005	2.122006218529129	3.877932871774332
1.1200000000000006	2.179919491972091	3.820027370788066
1.1400000000000006	2.237285822454126	3.762668214467446
1.1600000000000006	2.2939446724566825	3.7060159393393044
1.1800000000000006	2.3497835420996123	3.650183054999144
1.2000000000000006	2.4047319555017523	3.595240045011371
1.2200000000000006	2.4587556681637732	3.5412211885944
1.2400000000000007	2.5118512212200863	3.4881299472957794
1.2600000000000007	2.5640410374368505	3.435943944561498
1.2800000000000007	2.6153689899919845	3.3846193189033578
1.3000000000000007	2.6658965677142503	3.3340946108035228
1.3200000000000007	2.715699529225702	3.2842940846427053
1.3400000000000007	2.7648650446011525	3.23513058435845
1.3600000000000008	2.813489272843358	3.1865079749452296
1.3800000000000008	2.861675288849184	3.1383231981303727
1.4000000000000008	2.909531318489049	3.0904680319968665
1.4200000000000008	2.957169227401145	3.0428306253406476
1.4400000000000008	3.004703164984199	2.9952968309049384
1.4600000000000009	3.0522483404172744	2.9477514416735
1.4800000000000009	3.0999198450369394	2.900079364004392
1.5000000000000009	3.1478314712310898	2.852166799425169
1.520000000000001	3.196094465370684	2.8039024931648733
1.540000000000001	3.244816153480806	2.7551791101540477
1.560000000000001	3.294098369800394	2.705894794098397
1.580000000000001	3.3440356514652136	2.6559549946704073
1.600000000000001	3.394713094942453	2.605274591181215
1.620000000000001	3.4462038549147755	2.55378041126108
1.640000000000001	3.4985661872363605	2.5014141713361644
1.660000000000001	3.5518400182003425	2.4481359171701844
1.680000000000001	3.6060429874305022	2.3939279904240274
1.700000000000001	3.6611659297620487	2.3387995276522617
1.720000000000001	3.7171678503529746	2.2827915051606693
1.740000000000001	3.773970417153939	2.225982246860901
1.7600000000000011	3.8314520922417175	2.1684932812954387
1.7800000000000011	3.889442117664405	2.110495366334885
1.8000000000000012	3.9477146383927573	2.0522143895301066
1.8200000000000012	4.005983301933486	1.9939367224786448
1.8400000000000012	4.06389696710439	1.9360135879745155
1.8600000000000012	4.12103695829515	1.8788637299672222
1.8800000000000012	4.176916758085928	1.822973781666613
1.9000000000000012	4.23098473269164	1.7688955142882041
1.9200000000000013	4.282630684121029	1.7172392996900876
1.9400000000000013	4.3311967584364774	1.6686631918416541
1.9600000000000013	4.375993044138533	1.6238573184258898
1.9800000000000013	4.416317805080525	1.5835236553744612
2.0000000000000013	4.45148174999329	1.5483517374107736
2.0200000000000014	4.48083523929672	1.5189914423657707
2.0400000000000014	4.503796742441772	1.4960245206424898
2.0600000000000014	4.5198804329283515	1.479936984659088
2.0800000000000014	4.528720584770022	1.4710947008590836
2.1000000000000014	4.530090494555773	1.469724461678589
2.1200000000000014	4.523914022301556	1.475902422528033
2.1400000000000015	4.510268587398924	1.489551131807682
2.1600000000000015	4.489379206288013	1.510445467783382
2.1800000000000015	4.461604238408063	1.5382269159772846
2.2000000000000015	4.4274142130046155	1.5724247506361377
2.2200000000000015	4.387365772630998	1.6124821039259065
2.2400000000000015	4.342073043397961	1.6577846076461684
2.2600000000000016	4.292178716269887	1.7076893192815534
2.2800000000000016	4.238326855271798	1.761551955348005
2.3000000000000016	4.181138858923378	1.8187508944504354
2.3200000000000016	4.121193612733462	1.8787070436806566
2.3400000000000016	4.059012197121233	1.9408991708742187
2.3600000000000017	3.995047002137151	2.004874751572627
2.3800000000000017	3.9296748994304216	2.0702568000657737
2.4000000000000017	3.8600087057588146	2.134942348242393
2.4200000000000017	3.7706841029936773	2.1890861091458063
2.4400000000000017	3.6507553047771326	2.2234139166799283
2.4600000000000017	3.502552327237173	2.2355951364323476
2.4800000000000018	3.328281838365937	2.2234226411357025
2.5000000000000018	3.1299947077037418	2.184845277032117
2.520000000000002	2.9095601468548677	2.1179937657431434
2.540000000000002	2.6714542890550366	2.0233822018826935
2.560000000000002	2.430919855249822	1.910978085021666
2.580000000000002	2.199180882364306	1.7897775483786083
2.600000000000002	1.9756633824418646	1.6603548818994645
2.620000000000002	1.7597904018494475	1.5232872690990573
2.640000000000002	1.5509724767524367	1.3791643401903129
2.660000000000002	1.348597888757006	1.2285979144476258
2.680000000000002	1.1520240760840519	1.0722306262161825
2.700000000000002	0.9605711346110164	0.910742422428008
2.720000000000002	0.7735180971905826	0.7448542944994065
2.740000000000002	0.592622287343049	0.5777991381286665
2.760000000000002	0.42972459412885233	0.42294615372272926
2.780000000000002	0.2940094849597054	0.2913307525514627
2.800000000000002	0.18464394183511487	0.18378595346212956
2.820000000000002	0.10106888052830246	0.1008708405397164
2.840000000000002	0.0429477075885034	0.04292200741709016
2.860000000000002	0.01011042298748599	0.010109454001705487
2.880000000000002	0.0	0.0
