0.02	0.025210084033613446	0.025210084033613446
0.04	0.05043591039152972	0.05040442575283354
0.06	0.11355746977648032	0.11333328658506966
0.08	0.20214158884737182	0.20121975576760448
0.1	0.3165145812142516	0.31373751976212705
0.12000000000000001	0.45720602338437794	0.45035700182915794
0.14	0.624992699221323	0.6103014178513849
0.16	0.8080694269964508	0.7801658633756133
0.18	0.9944504774350207	0.9467259788469407
0.19999999999999998	1.1847911624233054	1.10932644193175
0.21999999999999997	1.3797068638678565	1.2673518488668882
0.23999999999999996	1.5797717347355085	1.420228014828195
0.25999999999999995	1.7855194595814021	1.567421192818466
0.27999999999999997	1.9974457837347386	1.708435549096509
0.3	2.2160122548933012	1.8428094133105675
0.32	2.441650404547718	1.9701110722299435
0.34	2.6747653697354887	2.0899351462926528
0.36000000000000004	2.9012671009478277	2.1911614140431417
0.38000000000000006	3.105915512495989	2.263819848369568
0.4000000000000001	3.2871307018926994	2.309490343424211
0.4200000000000001	3.4431828089959584	2.3299028746268684
0.4400000000000001	3.5722313341742646	2.326898203070919
0.46000000000000013	3.672363177567254	2.3023898142190786
0.48000000000000015	3.741633833537323	2.2583226992435614
0.5000000000000001	3.7941644003478636	2.205785761525555
0.5200000000000001	3.845193422419296	2.1547501261572615
0.5400000000000001	3.894537395201868	2.1053993660425787
0.5600000000000002	3.941973538135467	2.057956336199714
0.5800000000000002	3.987243749629405	2.0126792279607346
0.6000000000000002	4.0300599008599844	1.9698562501676182
0.6200000000000002	4.070110652261116	1.9297988455676338
0.6400000000000002	4.10706975798971	1.8928333844731735
0.6600000000000003	4.140605748974207	1.8592914299040977
0.6800000000000003	4.170392874424592	1.829498866483921
0.7000000000000003	4.196122734489947	1.803764195053958
0.7200000000000003	4.21751625104327	1.7823665951313499
0.7400000000000003	4.2343352448382925	1.765544339620011
0.7600000000000003	4.246392958089145	1.7534842654145195
0.7800000000000004	4.253562825171775	1.7463129791957095
0.8000000000000004	4.25578493607865	1.7440904274620521
0.8200000000000004	4.2530696457112445	1.746806257230108
0.8400000000000004	4.245498141054285	1.7543792573284798
0.8600000000000004	4.233219910606648	1.766659893845731
0.8800000000000004	4.2164473257471755	1.7834357268215832
0.9000000000000005	4.195447768268505	1.8044392879438846
0.9200000000000005	4.170533885635263	1.8293578313342767
0.9400000000000005	4.142052648486927	1.8578442731510796
0.9600000000000005	4.110373938860869	1.8895286261101225
0.9800000000000005	4.075879277546964	1.9240292442536093
1.0000000000000004	4.0389513436613385	1.960963353222081
1.0200000000000005	3.9999646034612675	1.9999563784209518
1.0400000000000005	3.9592774465101828	2.040649832684015
1.0600000000000005	3.9172259217547807	2.082707593827833
1.0800000000000005	3.874119076928055	2.1258205421035146
1.1000000000000005	3.8302358675584736	2.1697096625186028
1.1200000000000006	3.7858234514736866	2.2141277508762363
1.1400000000000006	3.741096675431752	2.258859924186363
1.1600000000000006	3.69623853881115	2.303723155985148
1.1800000000000006	3.6514014141930735	2.3485650550684247
1.2000000000000006	3.606708820109948	2.393262093072775
1.2200000000000006	3.562257559446972	2.437717459896355
1.2400000000000007	3.5181200793809126	2.4818587074661624
1.2600000000000007	3.4743469193335366	2.5256353010126733
1.2800000000000007	3.4309691498068036	2.5690161730550423
1.3000000000000007	3.3880007430643	2.6119873588935936
1.3200000000000007	3.345440816183768	2.6545497538867266
1.3400000000000007	3.303275713191514	2.696717017952487
1.3600000000000008	3.2614809357023757	2.7385136602036995
1.3800000000000008	3.220022890574789	2.7799732835608766
1.4000000000000008	3.1788604766143167	2.821136994104171
1.4200000000000008	3.137946527989336	2.862051966347442
1.4400000000000008	3.097229117798851	2.9027701338986986
1.4600000000000009	3.056652752629049	2.9433469919423443
1.4800000000000009	3.0161594854988847	2.9838404922897905
1.5000000000000009	2.975689958466375	3.024309993288838
1.520000000000001	2.9351844145866273	3.064815251951269
1.540000000000001	2.894583696473701	3.105415423804182
1.560000000000001	2.8538302620107725	3.146168048358368
1.580000000000001	2.8128692405553086	3.1871279912961805
1.600000000000001	2.771649557910199	3.228346320644774
1.620000000000001	2.7301251522843644	3.2698690896498017
1.640000000000001	2.6882563101874886	3.3117360102259825
1.660000000000001	2.6460111251051366	3.353978974567013
1.680000000000001	2.603367125412737	3.3966204426455904
1.700000000000001	2.560313062490732	3.4396716593335603
1.720000000000001	2.516850862611012	3.4831306926950405
1.740000000000001	2.4729977480808194	3.526980310246705
1.7600000000000011	2.4287885094814987	3.5711857094042605
1.7800000000000011	2.384277901503869	3.6156921439011875
1.8000000000000012	2.339543079315092	3.6604224526025826
1.8200000000000012	2.294686052532589	3.7052746433056427
1.8400000000000012	2.249835993690833	3.750119541269813
1.8600000000000012	2.20515134035551	3.7947987417419045
1.8800000000000012	2.1608214539615576	3.839122903589514
1.9000000000000012	2.117067718701236	3.88287068534549
1.9200000000000013	2.074143820719715	3.925788448693275
1.9400000000000013	2.032335016533587	3.967590998595768
1.9600000000000013	1.9919561595289577	4.007963550584819
1.9800000000000013	1.9533483034110593	4.046565136337614
2.0000000000000013	1.9168737316808022	4.083033570911174
2.0200000000000014	1.88290935199873	4.116992046499554
2.0400000000000014	1.8518385076739745	4.1480573276013
2.0600000000000014	1.8240413727344031	4.17584935942655
2.0800000000000014	1.7998842409696008	4.200001952492962
2.1000000000000014	1.7797081963481893	4.220174138650766
2.1200000000000014	1.763817717657725	4.2360615319736965
2.1400000000000015	1.7524699255232885	4.247407096638984
2.1600000000000015	1.745865153786608	4.254010562071117
2.1800000000000015	1.7441395260308905	4.255735847544679
2.2000000000000015	1.7473600893493553	4.252515922556397
2.2200000000000015	1.755522894560368	4.244354728411347
2.2400000000000015	1.7685541854940225	4.231325989368272
2.2600000000000016	1.7863146210295018	4.213568983106377
2.2800000000000016	1.8086062374477785	4.191281602432837
2.3000000000000016	1.835181633988714	4.16471115402917
2.3200000000000016	1.8657547726574981	4.1341435712983765
2.3400000000000016	1.9000126903389507	4.099891706970755
2.3600000000000017	1.937627436214238	4.062283380285147
2.3800000000000017	1.9782676535001542	4.021649858376328
2.4000000000000017	2.0216092392082485	3.9783151230709453
2.4200000000000017	2.067344809331038	3.932586458936859
2.4400000000000017	2.1151916992493076	3.8847464397806903
2.4600000000000017	2.164898454623437	3.8350464393900885
2.4800000000000018	2.216249855099058	3.7837016075632124
2.5000000000000018	2.2671280344760323	3.7277531716849124
2.520000000000002	2.3073393726711084	3.652184992393212
2.540000000000002	2.327599130274962	3.5461483883881892
2.560000000000002	2.3259665654968398	3.4115836083953845
2.580000000000002	2.3005411855401494	3.250390806472734
2.600000000000002	2.249503023724439	3.064389705689131
2.620000000000002	2.1711506485658054	2.8552816642844916
2.640000000000002	2.066196640364635	2.6274307655214812
2.660000000000002	1.9448483145412099	2.395839880668579
2.680000000000002	1.8161026786594452	2.1716455870919718
2.700000000000002	1.6803702436938717	1.9544376043256788
2.720000000000002	1.5380884799295	1.7437786347350919
2.740000000000002	1.389725639510289	1.539200540787169
2.760000000000002	1.235784938632188	1.340200188558648
2.780000000000002	1.0768081078200935	1.1462358997981885
2.800000000000002	0.913377603123261	0.9567252517051453
2.820000000000002	0.7461169793489268	0.7710447072632566
2.840000000000002	0.5782055173072694	0.5910916812767093
2.860000000000002	0.42291463413836483	0.42880484456762796
2.880000000000002	0.2911177305150163	0.29344419605163913
2.900000000000002	0.18353996183578813	0.18428458050358926
2.920000000000002	0.10066781699301897	0.1008395091171814
2.940000000000002	0.042794016450642555	0.04281626157327538
2.960000000000002	0.010066280527931681	0.010067117467160713
2.980000000000002	0.0	0.0
