0.0	0.0	0.0
0.010592450118809887	0.03089584395514796	0.030893448441828196
0.020282997384752352	0.07720016188410786	0.07717707563370328
0.030270444734791367	0.12642870655412553	0.1263385040435915
0.040102357479430924	0.17604904336301835	0.17581496770807883
0.05005793190570291	0.22564287411426975	0.2251585728113139
0.06007570021645239	0.2757714642955737	0.27489669631485725
0.07012898259361089	0.32623023417448177	0.32479317987471906
0.08008772036751194	0.37664042322126623	0.3744430915813936
0.09008709523873777	0.42702917148524233	0.4238449065389155
0.10002142028210527	0.47748466296018094	0.4730579146289165
0.11007823493123399	0.5282292303995667	0.5222690456361002
0.12007105112167328	0.5792807293042228	0.5714657009025973
0.13001448261633478	0.6302152277040459	0.6202124408842462
0.14005244165204953	0.6814509439728583	0.6688836771923021
0.15004120779352859	0.7330029221649085	0.717465324775608
0.16004817029780044	0.7846887320864631	0.765758157912429
0.17001487903205273	0.8365436410892311	0.8137716048606914
0.18005154359941639	0.8887155544406254	0.8616165576514442
0.1900484167661419	0.9412191617632966	0.909280638512385
0.2000110870338126	0.9937935185443483	0.9565039982407302
0.2100329498638116	1.0467110148805743	1.003509166445289
0.2200205493488034	1.0999843812292007	1.0502831104741661
0.23001842296849795	1.1534957889435218	1.0966990666726197
0.24002469810571736	1.2073713185648343	1.142844278743785
0.2500004186550518	1.2615126386819149	1.188612934459234
0.26002017277062317	1.316028250454076	1.2340746925245483
0.2700092457964046	1.3709298305415887	1.279217243990338
0.28000342987063737	1.4261223490310309	1.3239410057027927
0.290001332864563	1.4817120429827004	1.3683117405455874
0.30000165901810827	1.5377037425484386	1.4123111786915121
0.3100031884205021	1.5941026707220238	1.4559215185304142
0.3200047602871155	1.650914470641778	1.4991252131504176
0.3300052592579929	1.7081450272169345	1.5419049965856435
0.340003604122831	1.7658006204327177	1.5842436056240294
0.35002520947905413	1.8239650423185025	1.6261789141370226
0.3600153324435311	1.882566642773496	1.667635932137092
0.37000021659334265	1.9415344706393454	1.7085431119703796
0.38000313493698085	2.0010281409302206	1.748988420560831
0.3900211003643619	2.0611245178051822	1.7889964232135862
0.40000526865790575	2.121683855614385	1.8284477108457735
0.4100014113795897	2.1827119330643923	1.8673211358289425
0.4200068555330771	2.2443571022090096	1.9056838401792835
0.43001905712479377	2.3066227291654964	1.943506371798831
0.44001479946366107	2.369447665400253	1.980721077011766
0.4500135374817538	2.432839067579305	2.017301984910392
0.460012962323963	2.4968716016305437	2.0532601605517105
0.4700108435859421	2.5615528946148918	2.088565279124478
0.4800050195683419	2.626891686754139	2.123186638307915
0.4900118447327325	2.692959261042752	2.1571239128266657
0.5000099816413931	2.7597656351890008	2.1903421762267214
0.5100151073568884	2.8273196963996954	2.22280422817489
0.520006888874304	2.8956341367047758	2.2544741049031796
0.5300003480767997	2.964720589545763	2.285313603364167
0.5400090717609701	3.034710642699406	2.3153341738906246
0.5500130306786789	3.1056174550113878	2.34449045663295
0.5600095257547067	3.1773964766753973	2.372713349861824
0.5700113990680966	3.250121127882434	2.399980134179965
0.5800151259430665	3.323865272905798	2.426263536464735
0.5900024904166744	3.398589771790752	2.4514940022035274
0.60000015090026	3.4743684471088776	2.4756398772943484
0.6100040052619811	3.5513328483130384	2.4986824109035934
0.6200101046682281	3.629501393303573	2.5205629243172787
0.6300010290469609	3.708839035245933	2.541209633130879
0.6400006373826195	3.789420421711144	2.560580019352077
0.6500045626733036	3.871376314196929	2.5786408078304466
0.6600086112452007	3.9547262650235915	2.5953296345546892
0.6700053224405089	3.9999520401984365	2.5852381519896523
0.6800047134501472	4.00000990767034	2.545426458466275
0.6900062348485464	4.000009712991196	2.5057168551296396
0.7000092324991521	4.000009516268099	2.466161643434795
0.7100002955365433	4.00000934139204	2.4268035503156704
0.7200044240039511	4.000009124686611	2.387637562548571
0.7300082675565229	4.000008927244038	2.34866177696733
0.7400112915779712	4.000008717745308	2.309926925432573
0.7500001918762549	4.000008548321045	2.271485498263546
0.7600000481735477	4.00000830637976	2.2333431654090226
0.7700103624688265	4.000008075336245	2.195484336245909
0.7800050812641658	4.0000078887849515	2.1579929394766677
0.7900092831567277	4.000007647846347	2.120906089008033
0.8000096990065347	4.000007432749718	2.0842393511820827
0.8100058357546915	4.000007208013853	2.04805745807836
0.8200099466260654	4.000006966192272	2.0123802514867952
0.8300087413782934	4.000006726169378	1.9772528767934536
0.8400016800549508	4.000006507512516	1.9427437601532844
0.8500009333350044	4.0000062406945585	1.908878365829993
0.8600058836752086	4.000005967174613	1.875684935234211
0.8700031644145905	4.000005735557204	1.8432355466396293
0.8800048203361405	4.00000547706573	1.8115815026129047
0.8900101204199335	4.000005183107746	1.7807554760312763
0.9000056101045022	4.000004959799375	1.7508302366656112
0.9100031703599263	4.000004664322471	1.7218589129925652
0.9200019279844597	4.000004389049693	1.6938770525561115
0.9300009561056705	4.000004105650018	1.6669398103784394
0.9400118873593695	4.000003767877946	1.6410864166345343
0.9500084320534152	4.000003536553141	1.6163889263084104
0.9600021235765959	4.000003239193035	1.5929166458040092
0.9700043572021771	4.000002925807125	1.5706939386646583
0.9800013119343226	4.00000262153649	1.5497763443192247
0.9900042090793852	4.000002298949239	1.5302189930332437
1.0000116231927765	4.000001953327829	1.5120649596541988
1.0100096065456619	4.000001675480585	1.4953797084810785
1.020009105842092	4.000001321222624	1.4802153438268593
1.0300084928981872	4.000000998767885	1.466613919939703
1.0400060727527838	4.000000656294165	1.4546273400099632
1.0500000859452217	4.000000317165529	1.4443057834601911
1.0600009931305412	3.9999999269348985	1.4356931803252764
1.0700067932397008	3.9999995371598813	1.4288357547515895
1.0800032175303336	3.9999992057148925	1.4237874289065657
1.0900004200245506	3.9999987794889793	1.4205950071774258
1.1000083188881906	3.999998365671121	1.419302316558807
1.1100004051516774	3.9999979884611894	1.4199574035127875
1.120010546408452	3.999997493421459	1.4226070826381585
1.1300002199708616	3.999997133483362	1.4272957117709686
1.1400028780769766	3.999996634853875	1.4340676949484585
1.1500039018486325	3.9999961512970503	1.4429754605641278
1.1600006331890846	3.999995694797335	1.454058597546585
1.1700020817172823	3.9999951464602335	1.467366769300719
1.1800053159626271	3.9999946147495455	1.4829522530265018
1.1900073631551165	3.999994067913271	1.5008597757951194
1.2000052157067245	3.9999935273137583	1.5211322454572933
1.2100072570351739	3.9999929233615417	1.5438246596631833
1.2200101947261268	3.999992302587743	1.5689953158761485
1.230010705535657	3.999991686292543	1.596690187340832
1.2400054422863123	3.999991031770462	1.626953904574768
1.2500021290261767	3.9999903103289416	1.659849213561746
1.260008121661334	3.999989512482133	1.6954635939582818
1.270008572919986	3.9999886443206165	1.733850953357672
1.2800106080521276	3.9999880629352464	1.7750657269666659
1.2900102411205714	3.9999871019917697	1.8191860515920037
1.300003466349347	3.999986357338924	1.8662708563315464
1.3100072910780074	3.999985242935716	1.9164343475001777
1.3200066509990236	3.9999841531968072	1.9697744908321397
1.3300074775956274	3.999982975240746	2.0263674406927716
1.340005058098113	3.9999819277901167	2.086323405036402
1.3500047312436418	3.9999804709436964	2.149761954589604
1.3600013937944573	3.9999784410081918	2.2168128757002146
1.3700095888301052	3.999976593931205	2.2876542659081975
1.380003987836456	3.999974688646352	2.3624068831232514
1.3900081717134087	3.9999724327014388	2.441239567877052
1.4000063079571734	3.9999708632628077	2.5243773190345586
1.410001697162763	3.999968644115508	2.6119840235140543
1.4200062805090565	3.999962927927555	2.704366946366128
1.4300038260526837	3.999883568373264	2.801729955784615
1.4400001507742461	3.9982437107191906	2.903218815569175
1.4500042143988752	3.993541157542867	3.0079245139422426
1.4600072119188272	3.985699418380916	3.1158027356870734
1.470000771931119	3.9747265829305776	3.226759472612316
1.480002288863943	3.96062247150699	3.3408399712814676
1.4900031538286262	3.943385115409188	3.458090110989112
1.5000034007446632	3.9230279343151344	3.5784535532590067
1.510003025531773	3.8995626365403897	3.7019186982072076
1.520007973768689	3.870691975021905	3.826182020186558
1.5300062418299036	3.7736683464353256	3.8848219424355936
1.540005120862081	3.648454584460284	3.9100496221377274
1.550004588917287	3.5263335505204827	3.9321783366213054
1.5600046558343041	3.40731940527582	3.951194028005115
1.5700053736537798	3.291421994118136	3.96708658059567
1.580006845507178	3.1786474594779546	3.9798491120718937
1.5900003652783161	3.069046708966418	3.9894737718711393
1.6000037660364226	2.9625707640207932	3.9959639071375386
1.6100086003273912	2.8591717575698747	3.9993205090802904
1.6200048472819224	2.7592476847794205	3.9999915633737424
1.6300051715414068	2.6640538898944897	3.9999979241864145
1.6400026719727845	2.5737512737556054	3.9999994203524887
1.650000165323636	2.488100593437203	3.9999977107413422
1.6600010275438033	2.4068465117191598	3.999997046051566
1.6700091862654958	2.32975492843966	3.9999953444832754
1.6800090726317187	2.2566868961549083	3.999993710392396
1.690004948721249	2.187511852151996	3.9999913115166166
1.7000015819064593	2.122043447752334	3.999990050233629
1.7100042312972785	2.0601115514028976	3.9999881665078436
1.7200081675056935	2.001593316759221	3.9999863360946
1.7300086857238837	1.9464040315665683	3.999985226893133
1.740001115141061	1.894461515498351	3.999983590625479
1.7500023357838344	1.8456362807385998	3.999981397803451
1.760008330509006	1.7998118464597894	3.999979371402197
1.7700041487847082	1.7569516373531584	3.999978061259786
1.7800076154319504	1.7169716731811686	3.999975861803056
1.7900039215508168	1.679794264561852	3.9999742387084303
1.8000003580139015	1.6453654901629218	3.999972623756698
1.810004586553139	1.6135965880300738	3.9999709981999927
1.8200018694740125	1.5844402785690337	3.999969536463604
1.8300000838897474	1.5578489049991275	3.9999681208908107
1.8400074488958769	1.5337469413660434	3.9999667269044195
1.8500093077356767	1.5120915370556705	3.999965420641376
1.8600024186265491	1.49284912542505	3.999964288491946
1.8700070557522788	1.4759520003933468	3.9999631665930346
1.8800086631788562	1.4613480987734562	3.9999621420029654
1.89000432772168	1.4490024267485417	3.999961307737127
1.9000031049631436	1.4388625528134842	3.9999604407065252
1.9100023570621265	1.4308784534130499	3.999959708462223
1.9200115211884314	1.4250036612493788	3.999959006393577
1.930004054361105	1.4211971289295173	3.999958531118656
1.9400015789783815	1.419411699477444	3.999958039295902
1.9500018173834859	1.4195986144436858	3.9999575523424604
1.9600025455125487	1.4217130778463793	3.9999572825840195
1.970001598015188	1.4257084626077006	3.999957012933234
1.9800091709297258	1.4315403267762459	3.9999568188246832
1.990011003785422	1.4391611708133827	3.9999567280418717
2.0000051240191232	1.4485157133812674	3.9999567051825093
2.0100020359541917	1.4595574974546137	3.9999567300449357
2.0200000083281617	1.4722423486883998	3.99995678047503
2.0300098396941704	1.4865289271782365	3.9999568787896065
2.0400050301298394	1.5023568265452791	3.999957166121997
2.050009003005429	1.519672968368163	3.9999573379573317
2.060007828871845	1.5384339224676788	3.9999576832955808
2.0700001132184602	1.558573442275608	3.9999580185047003
2.0800097022040793	1.580062559374398	3.999958325835434
2.09001024897978	1.6028479450543773	3.999958822751268
2.1000005594047977	1.6268452821888197	3.999959293611602
2.1100047871123677	1.652028309352398	3.9999597561806843
2.1200093102161426	1.6783591491440206	3.999960271369013
2.13000049840275	1.7057494614058257	3.99996087506031
2.1400027739116045	1.7341606918236459	3.999961394472325
2.1500026286995406	1.7635564656832305	3.999962011498988
2.1600119685861117	1.7938838687413403	3.9999626049725516
2.1700046334422782	1.8250697730028087	3.999963300154187
2.1800053370152503	1.857060597242664	3.999963911705669
2.1900006986317457	1.8898239364314124	3.999964601307883
2.2000028281866535	1.9233091952974994	3.9999652633280984
2.2100111459060607	1.9574884343517645	3.999965877052382
2.220012337035378	1.9922916718436994	3.999966613997464
2.2300058499418114	2.02764870434511	3.9999673134086566
2.2400039259092153	2.0635355855128537	3.9999679733496585
2.2500060661266645	2.099931342640741	3.999968681120406
2.2600117811122393	2.1367941455015727	3.9999693538679697
2.2700078019638945	2.1740599226333592	3.9999700052408493
2.280006422677604	2.211689959109339	3.9999707396652155
2.2900071575315315	2.2496716894454662	3.999971415854628
2.3000095126604476	2.287971196020487	3.9999720428721974
2.31000018888638	2.326532019160567	3.999972751903183
2.3200042484661756	2.3653490478060473	3.999973245422899
2.3300083553581437	2.4044205661607125	3.9999738848457493
2.3400119399672787	2.4436972302536293	3.999974606676203
2.3500016138550492	2.4831317458165656	3.999975124070602
2.360002326250073	2.5227302217634824	3.9999757209258076
2.3700006145546872	2.562501709608057	3.999976285540749
2.3800060397109664	2.5963857195515443	3.990760649700652
2.3900089447587374	2.5883173015283094	3.918701209495468
2.4000098800628695	2.5710338455014097	3.8359657984542
2.4100045757767927	2.552405559193101	3.7546161767439084
2.420002619508959	2.532480897790727	3.674577290563281
2.4300002797043927	2.5113054762457514	3.595774274743396
2.4400083176423526	2.4889203598981746	3.5181309071743136
2.450008696733573	2.4653811732436113	3.4416279783903736
2.460012531018833	2.4407423877081382	3.366245606801342
2.4700008838451666	2.4150599338706424	3.2919670066977265
2.480001172638181	2.3883664405602203	3.21871711677371
2.490010838878268	2.360668485638403	3.146365093219725
2.5000105921287274	2.33203391090309	3.074952351391286
2.510013629402353	2.302508736618144	3.004463324843148
2.5200171133330684	2.2721132083348756	2.9348259819641584
2.5300003029663136	2.2409176962090314	2.8660878534513436
2.540013579182287	2.2089076477441467	2.798115271952022
2.5500003658668193	2.176122961268276	2.730899350771003
2.560013342119544	2.142597335515887	2.6644258492860757
2.5700127435937277	2.1083360180776736	2.5986249703709134
2.5800150926174585	2.07340366760148	2.5335482554927724
2.5900182087586625	2.0377998063422944	2.469124478339211
2.6000198397365293	2.0015548913650814	2.405345346956656
2.6100176510881763	1.964698982931326	2.3422037361918866
2.6200092141136038	1.9272621045633698	2.279693439593913
2.630014668681732	1.8892302820979974	2.2177398746024344
2.6400098896374953	1.850629213701847	2.1563372739679063
2.6500160777076145	1.8114816616193732	2.095477495365912
2.6600077677707854	1.7718129440778378	2.03515654593325
2.670007290456607	1.7316453253017439	1.9753678322548671
2.6800136996455115	1.6909509563218617	1.916032282149058
2.6900260552878406	1.6497471175168859	1.8571420465338877
2.700015781002831	1.6081092022741088	1.7987693154330981
2.7100078291953076	1.566059145997952	1.740910272396071
2.7200010938706547	1.523560761331244	1.683481873289536
2.7300248567585577	1.48056561853023	1.6263916686992428
2.740018138599821	1.4371537892482362	1.5697180760341896
2.750009140579661	1.3934091645426663	1.5135410939721095
2.7600303460053097	1.349211287561606	1.4576777564431809
2.7700140533299553	1.304649558526526	1.4022147552313995
2.780027815897008	1.259736149281607	1.3471406587371166
2.7900365044896547	1.2144098887659713	1.2923545174395545
2.800038653474412	1.1687649960226045	1.2379450865060333
2.8100326328331113	1.122820989484404	1.1839083255511949
2.820016603535268	1.0765983985561147	1.1302410501686264
2.830033864055123	1.0300131525906435	1.0768200332516826
2.8400412158353925	0.9830761092669674	1.0236339173408127
2.8500365091849504	0.9359057687925987	0.9707909433436858
2.8600171884432943	0.8885264211173737	0.918290347715137
2.8700365636766705	0.8408302696010764	0.8659861545009089
2.8800416707709604	0.7928285421749686	0.8138654056786736
2.8900292055348333	0.7446689615454992	0.7620617198479284
2.9000638630752906	0.6962169180263347	0.7104027515369433
2.9100078398071187	0.6476630702232951	0.65906338429176
2.9200798312392653	0.5988241455046589	0.6078224305262059
2.930050545616036	0.5497395387360171	0.5566934762102699
2.940083513849889	0.5005839448017732	0.5058306303399766
2.95009122549118	0.4511852404536584	0.45502591328735814
2.9600635260498844	0.40179882443838977	0.4045122506481171
2.9701266033966607	0.35215243567701443	0.3539817360344927
2.9801612610403563	0.3022428696778394	0.30340261658882284
2.990148650698747	0.25242803542436076	0.25310720679374876
3.0000489850289527	0.20287019355070054	0.20322642364447727
3.010125282831656	0.15302846591423164	0.15318498745998443
3.020116814735097	0.10291185517533488	0.10296244797384843
3.0313841293531345	0.04978592237770042	0.04979414745524827
